5426 2055 9369 10697 7109 3288 2627 620 13877 6488 6290 9272 6684 15433 6602 874 14761 4426 2988 11901 13029 16042 3709 10725 4580 9593 15236 9695 5479 13874 12173 2646 1340 2275 1836 
13154 7870 12054 2685 8501 7436 15892 830 11261 6084 13579 6135 15281 8227 3290 2771 11112 13400 2514 10065 8826 10480 12135 9388 6642 8832 8957 6530 82 7032 13678 7737 8500 9806 15578 12808 13079 15290 3731 14089 14353 8327 11857 15170 2480 9616 5351 14297 13058 3096 5442 704 5949 3789 691 3613 13720 2683 2348 13333 7705 12959 9006 380
 
13607 6953 2877 4357 4096 5799 7808 4330 853 10993 4529 6309 12382 7620 3353 8874 9605 10337 14510 6545 5351 9300 13249 15637 3386 13861 912
 
11392 992 8551 7955 14604 5503 13258 5048 10212 851 12664 1192 11419 15538 11560 6014 5855 13968 1091 2660 2625 3408 6109 1456 9778 6096 6725 787 7822 14293 8657 291 6174
 
11815 5749 9993 12117 2687 1754 6417 6065 5714 4753 7146 1078 15321 12188 9428 2537 898 10483 3990 11841 1248 7206 10255
 
284 10512 4924 6602 6932 8783 10007 6391 15380 2789 4747 14745 5927 3151 375 491 12242 12870 9149 1083 13969 7261 5794 9574 5107 10625 4414 3279 4354 9388 14422 7008 4360 3535 2637 1740 7762 9990 15933 1321 15572 3309 15882 9814 14823 10722 7148 3575 1423 13956 7365 
3419 8631 13195 14813 9431 5502 6479 15348 6930 13193 14348 15024 2973 11944 4017 4093 186 14358 4164 4044 4814 3216 1619 11856 10083 1775 9878 6096 13610 961 9232 8600 14288 1375 2172 2817 14465 6656 7912 3969 11315 4386 6002 3471 11103 6181 8760 
5171 11653 9898 7889 13840 8035 3078 6181 5421 1411 6689 11968 15909 5636 6714 12538 15913 4111 14970 8655 1175 14547 5085 9340 13596 10665 62 8717 14553 13903 13253 7268 8232 313 14388 5220 16 12612 5441 12224 15690 11555 5619 623 14228 2971 11638 3642 9569 2783 10459 1841 9700 15546 13670 5163 2544 5962 6926 13689 13356 11592 7044 13524 15858 4034 5025 4876
 
4765 10611 8885 12591 7276 6975 9727 229 3499 6770 2566 7628 10705 4909 13154 9148 558 15687 3808 12840 13346 2196 2811 16101 10167 9307 14746 779 6909 12438 13622 2663 12809 14983 4168 6736 8896
 
7521 7300 15033 11460 1210 12165 13505 4980 10690 9107 183 12528 4466 10703 2513 11588 13274 15528 6793 2663 4937 12459 11524 6560 1597 539 12891 14060 818 3952 4523 165 2990 9219 15449 7734 8883 5662 5527 10145 886 13192 15085 14622 364 1180
 
1769 10068 6934 5384 11093 12577 679 6007 10608 997 11232 14091 6059 3315 571 10993 12275 70 8421 10503 9584 13835 5045 11891 7019 6960 15873 12238 6360 482 14088 8249 7418 6588 3225 11971 9375 6780 13153 2448 3035 9646 8353 9838 15039 13847 12656 14315
 
11513 15854 8372 10816 11634 1809 15622 705 12712 15409 5029 6612 8196 11325 14310 7820 11291 5076 7094 9112 12506 2004 12880 5132 5784 12940 8959 1601 12185 11354 7842 16009 12151 
14607 8665 9393 11912 1131 15287 3559 14230 2810 2721 13926 2410 7 11564 15323 13824 11008 4111 288 11833 9658 7548 3647 4495 7920 11273 9551 11591 5445 11921 15142 14575 15259
 
7524 3481 6644 2090 3153 13134 7326 12185 13503 14821 7481 142 15154 11113 4851 12018 9805 3536 3820 5765 9210 6893 9268 12779 7513 3577 11302 14863 12584 8790
 
2088 13916 1918 6306 12018 13298 8511 11268 9714 15550 7434 12934 10534 8159 13486 12545 2154 14462 8340 7014 5688 7785 9882 3999 14955 7045 6391 10847 3612 13280 9199 3831 7102 11772 15641 5816 13498 7249 10025 12802 9090 7697 11434 3233 2326 3718 1723 3826 1443 14859
 
8823 3839 12218 5003 13098 14682 250 10449 9442 15843 10358 75 14838 6633 8014 12924 13439 1131 1747 12593 7463 1120 8697 3479 4649 11266 7928 5937 3946 623 14774 10712 
15555 12014 4461 5490 3239 5396 2175 10609 11641 6093 5176 4259 13881 9017 1774 338 14281 3625 1249 671 2181 3691 1905 11578 6153 11190 5594
 
9192 13240 14913 11089 10523 3390 2707 2579 9119 15583 15685 1020 1185 8357 1441 9335 12413 12085 14266 9065 2637 3939 3731 7176 15 4946 6461 13357 4367
 
2570 4163 15509 6548 1687 7550 10078 7912 14529 9248 10698 1879 15905 4132 5479 6456 11825 2201 12229 14750 10687 14305 15128 12269 8260 7342 12566 15825 5357 12688 13780 145 7700 10330 2848 12113 6230 347 14837 8152 14440 10633 172 10543 9230 9799 7256 4713 4346 15971 10954 5301 2503 2777 3363 8260 11601 9511
 
9308 1136 8412 10787 6051 6895 10043 8760 4082 4345 12040 9893 12429 12578 10991 4494 13125 12149 3853 10054 10738 14154 10371 1661 10324 
11796 1796 8895 7097 2133 14494 6336 4775 13916 9039 7845 6646 1679 6475 12874 1904 11147 8958 7246 7770 5235 2701 15524 1180 10822 10337 4457 11771
 
13634 15915 9530 7330 10256 2309 11034 2044 12856 9037 13057 8156 3255 7450 11646 15709 16119 7884 15307 1691 15140 9562 7695 2762 13866 6547 8755 10964 15908 6074 10986
 
7273 8268 13884 4885 1294 4777 6965 9039 4270 9657 12808 1209 10956 3222 6088 8955 1984 818 6753 687 8376 6111 6952 12557 2541 7088 8729 7787 11582 10421 12666
 
13332 15493 15215 10200 15049 10118 6525 8748 2596 15594 10625 8984 386 1549 8594 8071 13741 15370 8740 9688 14254 3336 6093 12282 8812 12373 11118 4996 768 3021 7520 12020 1794 6559 9166 9979 765 3253 12503 10492 
6630 6688 14652 7045 13548 5172 9348 9131 2953 8450 1162 4682 6040 6557 5630 14757 15984 5436 584 2782 4981 697 1706 10822 13470 9478 10662 5782 8491 12863 4247 12519 1344 6458 11573 4885 7857 3651 15361 15151 2970
 
7110 5930 10640 3101 3047 7566 13654 3718 2405 15171 11229 9179 7130 11518 14409 3430 8108 9877 4522 6278 12890 8626 5060 8817 11409 15454 8361 12184 2678 9855 5458 9101 5249 9286 9574 2477 2195 15336 11017 
7418 5598 2752 4770 137 3385 8128 2235 4707 15650 1053 2126 3200 1507 1486 13636 7543 8120 9193 12993 10763 4734 9435 14137 9143 13619 3017 1068 1658 13293 2401 2808 8939 5339 9565 4127 15324 16125 6862 10620 897 7870 486
 
15627 1397 13348 15045 3909 11050 15505 1938 15712 10967 6223 4899 4708 15288 8336 6254 4172 2415 2181 7043 12396 12457 12009 15541 8529 14086 13719 14573 13102 16003 12249 14111
 
13974 6779 14302 9736 13444 11647 1095 15431 6511 843 3767 13545 12902 7677 12669 7175 11340 12725 7866 2087 10215 7051 14861 13052 12455 8240 3229 16000 13706 11534 15847 10210 14247 11591 4416 15372 9977 5323 3515 1894 4110 14145 13090 14242 2329 257 15477 15624 3936 9334
 
1224 13607 742 11387 11959 13394 488 6898 1644 12409 8080 15134 2327 689 74 15763 4498 1448 8114 14781 4882 10898 3924 14059 9369 11042 11849 12559 7408 9550 4154 11927 237 3779 2113 11037 5094 10678 5708 4180 8708 2145 15040 14931 15243 6851 15469 
9310 1906 12222 6810 5743 3723 6934 5864 12937 9393 1553 16023 3614 9760 10704 11649 15421 1113 12852 10136 7421 13483 3116 12015 1927 9595 3094 13584 8410 11957 751 7409 2996 3692 4389 6727 9480 4115 7155 10195 15043 9608 13964 13723 13160 10393 15298 7585 2361 7224 15838 11625 14437 15671 2048 13014 8263 14886 8140
 
3881 9288 10938 11853 2797 12360 4153 9133 15383 12928 13818 14708 12396 2991 9602 7482 5363 6567 6441 743 9223 7617 737 10688
 
15701 14294 4997 15323 4968 8935 8736 12594 7937 1622 15348 8857 2366 5901 7589 7985 8819 9654 1751 15976 12729 11457 15306 10662 6037 11486 14481 10667 7670 9711 11752 8323 4895 929 422 13747 3368 9287 10576 11794 15043 780 3502 11454 2081 8504 9048 13246 2388 8664 14940 4579 7111 5587 5496 9491 8419 7348 12371 4643 14492 15849 10284 
2778 7318 2487 13496 11150 8235 12326 10201 14329 11340 8352 4502 10080 8820 14515 1514 4875 8236 2663 3166 2397 5970 12290 15436 3729 4897 13251 8335 14141 4256
 
15311 12240 3213 11066 13773 15307 12357 352 13266 12378 1647 13094 1774 9480 5555 1630 11883 12679 9235 921 15382 7821 9211 905 5807 97 223 5022 2807 15196 1533 4210 7158 1458 9570 4722 7596
 
1600 6987 3963 15423 610 14248 6809 3373 10423 919 11938 15109 9737 2176 1124 4271 8495 4322 149 7192 7631 6174 14742 13322 692 15429 14778 8715 6699 15325 4019 6276 8533 5256 7281 4152 1023 7337 14734 8541 4892 5807 3141 12392 13789 15853 6548 
11637 13032 4941 13567 1189 14974 15285 2268 1228 609 13256 6542 2252 13544 2495 6787 5720 3376 5688 10112 7446 7084 5234 4857 6529 13034 12737
 
5565 15385 749 8643 7378 2078 3352 1069 4916 7811 6312 4814 15184 1685 2083 14842 6405 3336 2619 1903 729 5722 10716 15973 13825 11678 15266 10918 1662 4401 3622 8228 6400 10764 3682 7230 9180 15754 12229 8705 13642 14855 2190 15743 6966 2286 6554 2553 10314 12456 13758 14497
 
3531 12775 5587 5397 4299 12575 9148 8434 1400 9636 1192 8333 10623 6192 10715 15238 7263 12685 8500 12705 11882 13642 14390 10965 8458 10877 200 8764 3758 4207 6535 10580 4977 15575
 
10284 1322 2027 3654 5350 2997 6965 13563 190 2113 14397 5631 14081 13804 13527 8344 11141 3362 1113 8751 4740 729 2777 4579 9842 5510 12593 13293 14998 13864 9221 13517 3134 10175 14545 6364 4726 1944 3695 4976 9002 13029 10379 7730 13615 12824 10114 2671 4459 16124 6204
 
3552 1027 13196 6417 7942 5824 4340 14515 11179 8410 12846 10013 7180 2573 1714 1096 3902 7186 7287 7389 6772 4585 14486 3539 5356 14942 11906 8094 4282 4235 10512 7887 12004 2105 10852 3112 5241 4638 8151 1784 6407
 
7967 14978 5205 12111 572 2153 314 14668 2898 13870 5847 9665 9335 10528 13208 15888 14499 12363 6031 15063 5555 6490 7426 1684 11474 7081 15753 7021 16114 15475 4590 10720 1841 9488
 
3639 7026 5696 7637 6915 765 14406 31 11266 4693 13205 4679 6850 4178 2968 15637 1350 11974 9753 3146 5394 7643 12545 942 13198 4077 5040 6003 1498 7055 7598 8976 10355 6452 4758 5453 942 6008 10814 15620 12209 8664 3437 4647 9814 15655 11903 1539 11096 13916 10455 4706 696 10788
 
2509 13383 857 10150 4635 11201 14280 4571 2459 2569 7357 12145 10146 9718 3103 5619 13790 14792 15795 11286 3366 7269 12648 11691 605 7284 8212 3537 14855 6279 11102 15926 2999 14784 15142 12577 250 1980 7760 13540 6198 9505 15334 2226 14171 11640 9109 14092 16015 7051 9954 14758 6294 2045 15433 15406 9398 14272 14183 3520 9441 2296 7266 5620 
2127 14241 7718 12008 5489 15661 3756 2138 521 15409 6734 4241 15448 2664 10485 6445 9521 11717 4304 12144 9470 12157 7279 9322 3814 10119 15206 13243 9973 6300 8822 15386 7134
 
2670 13583 7565 9400 4944 1839 6764 13241 3572 4148 4725 5670 12574 10571 14689 10812 8070 3931 3296 8322 14437 8309 11705 11059 6960 2217 11434 9952 8501 15506 15837 4761 6172 11090 14400 672 850 3206 5769 9587 6901 12882 12350 11818 1127 4130 7133 3901 670 5279 8589 13528 627 3354 124 4122 494 5406 4060 10157 10121 6734 889 9678
 
14732 11907 1414 1868 13965 6737 3088 1447 6181 11879 2273 1513 2408 16032 1168 7371 12652 3138 9918 10586 15212 11569 11095 6704 2314 4226 2032 887 4345 6328 8311 4876 2996 2554 3580 4607 5336 6066 5774 15769 12320 7350 3463 15194 11974 6234 4721 3208 1132 9358 9451 14125 7060 11236 11084 6620 5741
 
5485 13207 12234 3454 12662 9246 380 12057 8307 2742 5952 3538 1124 15949 15652 10678 6756 14648 
15423 5903 6049 6354 3009 7620 7401 8266 1580 15938 12413 16022 12926 6596 9428 15910 14989 15709 14896 6527 12697 12723 12750 15091 9973 8958 7944 5091 7961 10832 14126 9599 2389 6961 11877 5093 12798 3014 3689 11697 
15145 7229 5790 15117 12051 12023 13412 2365 15410 9393 13240 6514 11391 2485 9867 15669 3927 10916 13482 2795 3874 1972 7947 4173 976
 
11973 8631 15712 11873 14607 12626 16017 7950 11807 11855 14664 6809 8640 2804 5531 8847 12163 10227 8292 4897 82 699 
4046 4573 12133 2719 13908 14963 3659 14727 14909 14384 1112 6106 8378 6364 10403 7834 5266 15616 12556 8711 10812 4747 6794 11219 1494 12940 14685 2329 2368
 
8245 7678 7950 13627 1923 8684 5600 10969 5385 7263 9142 2894 11020 12626 6432 12823 10723 3529 4205 4908 5611 12151 12408 1024 7443 2279 11869 1564 8992 4600 14795 6334 14748 10092 9648 2192 191 2006 2942 7095 3 4248 4945 125 13461 2002 603 7369 8856 6945 5034 11530 15386 12829 15117 11155 15598
 
11574 14637 8255 13951 8900 3719 14529 11040 6247 1332 15619 14526 12738 10951 12697 7067 977 10319 4811
 
11988 5598 5828 14438 778 9794 7228 2431 7608 15868 9811 108 9078 950 11116 14484 15962 6167 5937 5707 1755 2101 13835 11425 4888 2328 293 8962 11859 3790 8895 10871 12847 10230 15153 12434 9715 740 1257 1775 4418 9940 12227 10143 7 1432 2038 6653 11582 15092 13430
 
15034 12224 12112 10779 11651 7010 1123 7270 8613 9956 7921 5886 8027 3017 13790 
8671 13810 5527 11636 10390 5743 1348 2387 12101 1074 9641 9380 5733 6745 13468 4603 11370 8396 10214 359 3165 10953 11341 3698 4193 15211 7535 6032 7376 8721 9645 1690 15218 1271 15655 10693 3625 11517 14217
 
9513 15533 767 14105 15346 5399 1483 12036 5000 9415 12592 11374 10156 13184 3539 11160 9900 13664 2083 13208 8668
 
2334 4799 4228 925 13517 6714 11712 4936 4923 13439 6077 8722 7279 11394 5510 2095 14773 6564 1280 8911 11573
 
