5426,2055,9369,18448,17896,10697,7109,3288,16475,2627,19563,620,13877,6488,6290,9272,6684,15433,18276,6602,19905,874,14761,4426,2988,19649,11901,16840,13029,NA,19055,3709,16871,NA,4580,9593,15236,17791,9695,19385,5479,13874,12173,17835,2646,1340,2275,1836,18431
13154,7870,12054,2685,8501,7436,19913,15892,830,11261,6084,13579,18318,6135,15281,8227,3290,2771,11112,13400,2514,NA,17617,18738,18590,8826,NA,12135,NA,6642,8832,8957,6530,82,7032,13678,16877,7737,8500,9806,15578,12808,13079,15290,3731,14089,NA,18455,17929,14353,8327,11857,15170,19114,2480,NA,16753,5351,14297,13058,3096,5442,704,5949,3789,691,18791,3613,13720,2683,2348,13333,7705,12959,9006,380
13607,6953,2877,18641,4357,16551,16583,16983,16479,18061,4096,5799,7808,NA,853,10993,17281,4529,6309,12382,7620,16689,3353,8874,NA,10337,NA,18683,6545,18324,5351,NA,13249,15637,3386,13861,912
18746,11392,992,8551,7955,14604,5503,13258,5048,17218,10212,851,12664,1192,11419,19517,NA,11560,6014,5855,13968,1091,2660,2625,3408,6109,1456,NA,18100,6096,18610,6725,787,7822,14293,19747,8657,291,6174
11815,18658,5749,9993,12117,2687,16510,18271,18453,1754,6417,NA,5714,4753,7146,19015,1078,19723,15321,18799,12188,9428,2537,16330,898,10483,19179,19508,3990,11841,1248,7206,10255
284,10512,4924,6602,6932,8783,10007,6391,18461,15380,2789,16724,4747,14745,5927,NA,375,491,16867,12242,12870,9149,1083,13969,7261,19793,5794,16443,9574,16325,5107,10625,4414,3279,4354,NA,14422,7008,4360,3535,NA,1740,7762,9990,19584,15933,1321,15572,18308,3309,15882,9814,14823,10722,NA,3575,1423,13956,7365,16842
18564,16322,18049,18887,3419,18650,8631,13195,16885,14813,9431,5502,6479,15348,6930,13193,14348,15024,2973,11944,4017,4093,17948,186,14358,18693,4164,4044,4814,NA,1619,17419,11856,10083,1775,9878,6096,13610,961,9232,8600,14288,1375,2172,18788,2817,14465,6656,7912,3969,18244,NA,4386,6002,3471,NA,18736,6181,17441,8760,17208
5171,11653,9898,7889,13840,8035,16723,3078,6181,5421,1411,NA,11968,15909,5636,17504,6714,12538,15913,4111,14970,8655,1175,14547,5085,NA,13596,10665,62,8717,14553,NA,13253,7268,16151,NA,313,14388,5220,16,12612,19895,17210,5441,12224,15690,11555,5619,623,14228,2971,11638,3642,9569,2783,16652,10459,1841,9700,15546,13670,5163,2544,5962,6926,13689,13356,11592,7044,13524,NA,18193,4034,16167,5025,17610,4876
4765,10611,8885,12591,7276,17289,6975,16941,19102,9727,229,NA,6770,2566,16755,7628,10705,4909,13154,9148,558,17732,17208,15687,17625,3808,18466,12840,13346,2196,2811,19130,17506,16101,10167,19176,9307,14746,779,6909,NA,17967,13622,18513,2663,12809,18098,14983,4168,6736,8896
7521,7300,15033,18068,11460,1210,12165,13505,4980,10690,9107,183,12528,4466,10703,2513,11588,13274,NA,17783,6793,2663,4937,16501,12459,11524,NA,1597,16342,539,12891,18350,19524,14060,818,3952,4523,165,2990,NA,15449,7734,16764,8883,5662,5527,10145,886,13192,15085,14622,364,1180
1769,10068,6934,5384,11093,12577,679,16355,6007,10608,997,11232,14091,6059,NA,571,10993,12275,70,8421,10503,9584,18675,18780,NA,13835,5045,NA,18738,7019,6960,15873,12238,NA,482,19304,19928,NA,8249,NA,6588,3225,11971,NA,6780,13153,2448,3035,NA,16258,19968,17406,16299,8353,9838,18826,15039,13847,17306,17130,12656,14315
11513,15854,8372,10816,11634,1809,15622,705,12712,15409,5029,NA,8196,11325,14310,7820,17507,NA,5076,NA,9112,17408,12506,2004,12880,5132,5784,12940,8959,1601,12185,11354,7842,16009,18554,12151,17408
14607,8665,9393,11912,1131,15287,3559,14230,2810,2721,13926,2410,7,11564,16822,NA,13824,17905,NA,4111,288,11833,16891,9658,7548,3647,16494,4495,7920,17272,11273,9551,19403,11591,5445,11921,16677,15142,14575,19573,15259
18361,19146,7524,16615,18495,3481,6644,2090,16374,3153,16943,13134,17593,16758,7326,12185,NA,14821,NA,142,17129,15154,18982,11113,4851,12018,9805,3536,16520,3820,5765,9210,6893,18287,9268,12779,7513,3577,11302,14863,12584,8790
16251,2088,13916,1918,6306,12018,13298,8511,11268,9714,15550,7434,12934,10534,17072,8159,13486,12545,2154,19264,18692,NA,14462,8340,NA,5688,NA,9882,16606,3999,14955,7045,16129,6391,18082,NA,3612,13280,9199,3831,18690,7102,11772,15641,5816,13498,7249,NA,12802,17351,9090,7697,11434,18039,3233,2326,3718,1723,3826,1443,16709,14859
8823,3839,12218,16638,5003,18446,16667,13098,14682,18431,250,10449,9442,15843,NA,16424,10358,19676,75,14838,6633,8014,12924,13439,1131,1747,12593,18062,7463,1120,8697,3479,4649,11266,7928,NA,3946,623,14774,10712,16502
15555,16878,12014,4461,5490,3239,5396,18738,2175,10609,19993,11641,6093,NA,4259,13881,9017,17845,1774,338,14281,17716,19202,3625,1249,671,NA,3691,17085,1905,11578,6153,11190,17451,5594
9192,16247,13240,18848,14913,19723,11089,10523,3390,2707,2579,9119,15583,15685,1020,1185,8357,18801,1441,9335,12413,16995,12085,14266,9065,16706,2637,3939,3731,7176,15,4946,6461,13357,4367
2570,16558,4163,15509,6548,1687,7550,10078,7912,17393,14529,9248,17079,10698,1879,15905,4132,5479,6456,11825,2201,12229,14750,10687,NA,17923,17988,NA,12269,8260,7342,12566,15825,5357,12688,13780,145,7700,10330,17811,19833,2848,12113,NA,347,14837,8152,14440,10633,19055,172,10543,9230,9799,NA,4713,4346,15971,10954,5301,2503,2777,3363,8260,11601,9511
9308,1136,8412,10787,6051,6895,10043,8760,4082,16758,4345,12040,19006,9893,12429,12578,10991,17645,4494,13125,12149,3853,10054,10738,NA,17570,10371,18850,19103,1661,18642,10324,19750
11796,1796,8895,7097,2133,14494,6336,4775,13916,9039,7845,6646,1679,6475,NA,19273,1904,11147,16288,8958,7246,7770,NA,2701,18111,15524,1180,10822,10337,4457,11771
13634,15915,9530,7330,10256,2309,11034,2044,12856,9037,13057,NA,3255,NA,11646,15709,16766,16119,16162,7884,16401,15307,1691,15140,9562,7695,2762,13866,6547,NA,10964,17171,15908,6074,10986
7273,8268,13884,4885,1294,4777,6965,9039,4270,9657,12808,1209,10956,3222,NA,8955,1984,818,6753,687,8376,6111,19019,6952,12557,2541,7088,8729,7787,11582,10421,17254,12666
13332,15493,15215,10200,15049,10118,6525,8748,2596,15594,10625,8984,386,1549,8594,19329,8071,13741,NA,16999,8740,17823,NA,18265,9688,14254,3336,6093,18491,12282,8812,12373,11118,18368,4996,768,3021,NA,12020,1794,18680,6559,9166,9979,17473,765,3253,12503,10492,18450
6630,6688,14652,7045,17623,13548,5172,9348,16191,9131,2953,8450,1162,4682,6040,6557,5630,16243,NA,19660,14757,15984,5436,584,NA,4981,697,1706,10822,13470,9478,10662,5782,8491,12863,4247,12519,1344,NA,11573,16951,18109,18422,4885,7857,3651,15361,15151,2970
7110,5930,10640,3101,3047,7566,13654,3718,2405,17195,15171,11229,NA,7130,11518,14409,18335,18388,17217,3430,8108,9877,4522,6278,12890,NA,19948,8626,5060,18292,8817,11409,15454,19441,8361,12184,2678,9855,5458,16433,9101,5249,9286,9574,18821,2477,2195,15336,11017,17025
7418,5598,2752,4770,137,3385,8128,2235,4707,15650,19313,17546,1053,NA,3200,19568,1507,18846,1486,17510,13636,17872,7543,8120,9193,NA,16793,NA,4734,NA,14137,9143,13619,3017,16818,1068,1658,17675,13293,2401,2808,8939,16304,5339,9565,17279,4127,15324,16125,6862,10620,897,7870,486
15627,16986,16350,1397,13348,15045,19341,3909,19718,18303,19444,11050,19716,17032,15505,1938,15712,NA,6223,4899,19358,4708,15288,8336,NA,4172,2415,2181,7043,12396,12457,12009,15541,8529,14086,13719,14573,16698,13102,16003,12249,14111
13974,6779,14302,9736,13444,11647,1095,15431,6511,843,3767,13545,12902,19437,7677,NA,17661,7175,11340,12725,7866,2087,10215,7051,14861,13052,12455,8240,3229,16000,13706,11534,15847,16323,10210,NA,18285,17462,17786,16600,18767,NA,4416,15372,9977,5323,3515,17719,1894,4110,14145,13090,14242,2329,257,15477,15624,3936,16991,9334
1224,19139,19234,13607,742,11387,11959,13394,488,17395,6898,1644,16738,NA,8080,15134,17466,2327,689,74,15763,4498,1448,NA,14781,17088,16990,4882,17872,NA,3924,18749,NA,9369,11042,11849,12559,7408,9550,4154,11927,237,3779,2113,17359,16981,NA,5094,10678,5708,4180,8708,2145,15040,14931,18067,15243,17643,6851,15469,16786
19602,9310,1906,12222,6810,5743,3723,6934,5864,19313,12937,19397,9393,1553,16023,18265,3614,9760,NA,11649,19987,15421,1113,19224,12852,NA,7421,13483,19418,17426,17016,3116,18449,12015,1927,18744,9595,18902,3094,18759,NA,8410,11957,751,7409,2996,NA,4389,6727,9480,4115,NA,10195,15043,9608,13964,13723,13160,17469,17156,10393,15298,7585,2361,7224,15838,11625,14437,15671,2048,13014,8263,14886,8140
3881,19270,9288,17237,19199,10938,11853,2797,12360,4153,9133,15383,19966,12928,NA,14708,NA,17575,19112,12396,2991,9602,NA,5363,6567,6441,743,9223,7617,737,10688
15701,18125,14294,4997,15323,4968,8935,8736,12594,7937,1622,15348,NA,2366,5901,7589,7985,NA,9654,1751,19382,19224,NA,12729,11457,NA,19155,10662,19770,6037,18190,11486,14481,10667,7670,NA,11752,NA,4895,16541,929,19021,18112,422,13747,3368,18558,9287,10576,11794,15043,780,3502,18742,11454,2081,8504,9048,NA,17444,16715,2388,NA,14940,4579,18442,7111,5587,5496,9491,NA,7348,12371,4643,14492,15849,10284,19872
16869,2778,19581,7318,2487,13496,11150,8235,12326,10201,14329,NA,8352,4502,10080,8820,14515,1514,NA,8236,18643,2663,3166,18445,2397,5970,12290,15436,3729,4897,13251,8335,14141,19793,4256
15311,12240,3213,11066,13773,15307,18235,12357,17075,352,13266,12378,1647,13094,1774,9480,NA,1630,11883,12679,9235,921,16277,15382,7821,9211,905,5807,97,223,5022,2807,15196,1533,4210,7158,16941,1458,9570,4722,7596
1600,6987,19263,3963,15423,610,14248,6809,3373,10423,919,11938,15109,9737,2176,1124,4271,8495,NA,149,7192,7631,6174,14742,16597,13322,692,15429,14778,8715,6699,15325,4019,NA,8533,5256,7281,NA,1023,7337,14734,8541,4892,5807,3141,12392,13789,15853,6548,17651
11637,13032,18054,4941,13567,1189,14974,15285,2268,1228,609,13256,6542,2252,13544,18318,2495,6787,18309,5720,18826,3376,5688,18326,10112,7446,17768,7084,5234,4857,19355,6529,13034,12737
18179,5565,15385,749,8643,7378,2078,3352,1069,4916,7811,NA,4814,15184,1685,2083,14842,6405,3336,NA,1903,729,NA,10716,15973,NA,11678,15266,10918,18035,1662,4401,19618,3622,8228,6400,10764,3682,7230,9180,18912,NA,15754,NA,8705,13642,14855,19022,2190,15743,6966,2286,6554,17827,2553,18018,10314,12456,13758,14497
18718,3531,12775,5587,16172,5397,4299,12575,9148,8434,18271,17152,1400,9636,1192,8333,10623,6192,NA,15238,19423,7263,18212,12685,8500,18761,12705,11882,13642,14390,10965,17529,8458,10877,200,8764,3758,16319,4207,6535,10580,4977,15575
17198,10284,1322,2027,3654,5350,16295,2997,6965,13563,190,2113,14397,5631,14081,NA,13527,8344,18920,NA,3362,18513,1113,18925,8751,NA,729,19022,18290,NA,18337,16936,2777,4579,9842,5510,12593,13293,14998,13864,9221,13517,3134,10175,NA,18916,6364,4726,1944,3695,4976,NA,13029,NA,7730,NA,19501,12824,16866,10114,2671,4459,16124,6204
3552,1027,19010,18295,13196,6417,7942,17039,5824,4340,14515,11179,8410,12846,NA,7180,19684,18105,2573,18294,1714,1096,3902,7186,NA,7389,6772,4585,14486,3539,5356,16831,17860,14942,11906,NA,4282,4235,18400,16575,10512,7887,12004,2105,10852,3112,5241,19256,4638,8151,1784,6407
7967,16695,14978,5205,12111,572,2153,314,14668,2898,13870,5847,9665,9335,10528,NA,15888,14499,17263,12363,6031,15063,5555,NA,7426,1684,11474,7081,17403,15753,7021,16114,15475,4590,10720,1841,9488
3639,7026,5696,7637,17541,6915,765,14406,31,11266,4693,13205,4679,6850,4178,2968,15637,1350,11974,16360,NA,3146,NA,7643,12545,942,13198,4077,NA,6003,1498,7055,7598,NA,10355,6452,4758,5453,942,6008,NA,15620,18702,12209,8664,3437,4647,9814,15655,11903,1539,19896,11096,13916,NA,18418,16205,NA,4706,696,17547,17870,10788
2509,18385,13383,857,10150,4635,11201,14280,4571,18642,2459,2569,NA,12145,10146,9718,3103,5619,13790,NA,15795,11286,3366,17726,7269,12648,11691,605,7284,8212,19610,19552,3537,14855,6279,NA,15926,2999,19921,19797,14784,15142,12577,250,1980,NA,13540,6198,9505,15334,2226,14171,NA,9109,14092,16015,7051,9954,14758,6294,2045,15433,15406,9398,14272,14183,17832,3520,18255,9441,2296,7266,5620,19927
2127,17750,14241,17535,7718,12008,16557,5489,19979,15661,3756,NA,521,15409,17929,6734,4241,18857,19416,15448,2664,10485,6445,9521,11717,4304,18560,12144,9470,19247,12157,7279,9322,3814,19022,10119,17170,NA,13243,19531,9973,6300,18623,8822,15386,17801,7134
2670,17421,13583,7565,17649,9400,4944,1839,6764,13241,3572,NA,4725,5670,NA,19479,10571,14689,10812,8070,3931,16639,3296,8322,14437,8309,11705,11059,19359,NA,18288,6960,2217,18205,11434,9952,8501,15506,15837,4761,6172,11090,17432,14400,672,850,3206,5769,16182,9587,6901,19775,12882,NA,11818,1127,NA,7133,NA,670,5279,8589,NA,18468,17363,627,3354,124,4122,494,5406,4060,10157,10121,6734,889,9678
14732,19106,11907,1414,1868,13965,6737,3088,19911,1447,6181,NA,17577,2273,1513,2408,16032,1168,7371,NA,17934,3138,9918,10586,15212,11569,11095,NA,2314,4226,19045,2032,887,4345,NA,8311,4876,18706,2996,2554,NA,4607,NA,6066,5774,15769,12320,19311,7350,3463,15194,11974,6234,NA,3208,1132,9358,18810,9451,19692,14125,7060,16867,11236,11084,6620,18593,18711,5741
17517,5485,13207,12234,3454,12662,9246,380,16722,12057,8307,2742,5952,NA,1124,15949,19290,15652,10678,6756,17506,14648,16532
15423,18748,5903,6049,6354,3009,7620,7401,8266,1580,19464,NA,12413,16022,19422,12926,6596,9428,16831,NA,14989,15709,19867,14896,6527,12697,NA,12750,NA,17432,9973,NA,7944,5091,NA,10832,14126,9599,16268,2389,6961,11877,5093,12798,3014,3689,11697,18701
15145,7229,5790,15117,12051,12023,13412,16884,2365,15410,9393,13240,6514,11391,2485,NA,17249,NA,17245,15669,3927,10916,13482,2795,3874,18110,19033,1972,7947,4173,976
11973,8631,15712,17919,19309,11873,14607,12626,16017,7950,11807,11855,14664,6809,8640,2804,16784,17763,5531,NA,12163,NA,8292,4897,82,699,19352
4046,4573,12133,16869,2719,13908,14963,3659,14727,14909,14384,1112,19726,6106,8378,6364,10403,NA,5266,18676,NA,12556,8711,10812,4747,6794,11219,1494,12940,14685,2329,2368
16226,8245,7678,7950,13627,1923,17848,8684,5600,10969,5385,NA,9142,2894,11020,12626,6432,12823,10723,19326,3529,4205,NA,5611,12151,12408,1024,7443,2279,11869,1564,8992,4600,14795,6334,14748,10092,9648,2192,18904,191,18033,2006,2942,19828,7095,3,4248,17125,4945,125,13461,19343,18229,2002,18595,603,7369,16838,8856,NA,5034,11530,15386,12829,15117,11155,15598
19613,11574,14637,8255,13951,18091,18205,18832,8900,19781,3719,14529,11040,6247,1332,17139,15619,14526,NA,10951,17330,18019,12697,7067,977,10319,16566,4811
11988,5598,5828,14438,778,9794,16922,7228,2431,7608,15868,18191,9811,108,9078,950,18715,11116,14484,19388,15962,17830,6167,NA,5707,1755,2101,13835,11425,4888,19464,2328,293,8962,11859,3790,16925,8895,NA,12847,10230,15153,NA,9715,740,NA,1775,4418,9940,12227,10143,7,1432,2038,6653,11582,15092,13430
15034,12224,12112,10779,17493,11651,17764,17086,7010,1123,7270,NA,9956,NA,5886,8027,3017,18240,16151,13790,18114,16576
8671,13810,5527,11636,10390,5743,1348,2387,19054,12101,1074,18416,9641,9380,5733,19012,6745,13468,4603,11370,8396,10214,359,3165,10953,11341,16964,3698,4193,15211,7535,6032,NA,8721,9645,1690,15218,1271,15655,16659,10693,3625,11517,14217
9513,15533,767,14105,15346,5399,1483,17304,12036,5000,9415,17846,12592,NA,10156,NA,16213,3539,NA,18781,9900,13664,2083,13208,8668
2334,4799,19342,4228,17246,19325,925,13517,6714,16679,11712,4936,4923,13439,19210,6077,8722,7279,11394,5510,2095,14773,6564,1280,8911,11573
