-1266904330|2004676688|1518441165|-582375342|-1212948898|-437522048|282224484|1959118576|-618898806|1695351879|-868359650|1515561258|1276316463|-558726379|-243856535|1893341769|-1966193884|1143468722|1013044862|656805866|-411539075|-434641974
-510197466|-343311400|-1204819797|721584955|426673139|42328566|15180620|-1723156407|1300442313|-1466014067|681324432|-1824056171|-1339700088|823552347|-2038338100|-1559303099|1686251672|-955081090|-1308692090|-546790848|-661614255|583266050|-1943627648|782621920|-1172309347|-536392004|-1286664716|1275877862|1943435996|-607347883|-1296253408|-750895698|1954567175|941873321|367525380|495131043|-1914442985|-185508271|-1432917143|351692276|-355249753|-1841378690|183617829|280453767|-862304808|707251720|-518333539|1317114669|-395195276|1757357510|-584906357|550783767|-1131361963|-516336353|-1270233855
201538055|1852831201|-1576075090|300890573|1189607084|-1700155055|948974942|1606987881|-2075189984|-725600638|175225799|809398163|-906917283|1887355370|358448769|-170897179|1050412575|-626456015|1294747734|1520853580|78578890|-540826036|1029649084|1950321734|1958617995|-1800126262|753072286|-1096292532|1130939070|450964590|1332687202|-1866828660|1798791823|-1277350403|1685043239|-1560728102|31434211|203788119|1032241998|1539416296|436936568|1313198028|1520070716|1028884917|-2049225398|18187688|1867040605|528621635|1831298616|1375356175|-641106837|-683668084|-887693849|-1335844848|-168497425|-859751498
1463587827|-1399050488|1961686405|2010012435|-309135403|-1881798038|260966672|1449501244|-49102729|1822516649|-933895753|2003734281|-421647022|696083895|-257766060|1010975256|-669961491|-2070139477|2051596463|1193902953|982759027|1130181827|-610259145|-848940549|1083928191|1678276780|-1173206545|-160331337|-1960149702|580128768|-41141850|1245602701|-82503768|634511631|-1814468501|1537004508|2045365822|-67403551|843001406|-976303337|-910341449|2020507259|-990382838|53714084|429102887|1489739361|581445586|-2132111353|1965965904|1775225436|-1529454293
-72878797|-865748611|-921465622|353488240|-1111798294|-707029919|1075245341|1301128385|-199486540|-1290266187|1272795710|135717511|-181987247|-1705048324|-216422747|-94973277|-1868670320|434948495|37293374|-1544727769|-1251197403|1605221349|-1474102404|-1434608321|163704000|534082324|-2114333043|943994958|1183986778|-1184964457|1555000271|1870035799|631994065|415648849|-930874239|1036927134|-892830025|-1629852974|-1195519811|1554689934|488197478|2073170904|-330136154|760824029|893531735|-1079485161|1377471197|-458727187|350280627|731454780|1203405624|1058493557|1703665706|62135087|-1393197899|-972209312|658203140|-6460008|-1193921620|-1329885707|2119537525|-1678389595|709678404|787337271|1232864308|2135812105|1707210023
-1276415922|1681120071|-604591495|331026086|-1811339210|-1319466449|1872037893|466396054|1540777505|-87137367|-1521261639|-1796674491|-1816976240|2082715825|566239572|874548488|-60863954|-540615263|653456477|-1260968560|1422016219|-1957258314|1992019286|332072963|2012102152|544585420|-1296636367|-1916879257|-917112251|-452424852|1043374595|-630521273|897607191|-1851782904|-314887177|-1381627248|99595790|1495501956|-872201852|1075270587|1420685335|1574919928|-795872286
-1874682866|-1103766348|-621925191|1375493865|-1862637161|-1165129596|2072891931|398835286|-1516052690|2130087732|949183924|1541226880|1969841787|-374964394|-1739629760|434473328|-273790486|1410414914|-466623940|-1051028271|-426674309|1263688541|731453152|1619644372|-1761076010|638234270|-2074423733|1142996563|-693669726|638146382|1312453120|2063180857|88227094|-78590450|2071633553|-161492960|742129615|-125573858|-1464764007|377187387|-263343388|-2033754661|1843000046|-483460747|-2119855305|-1662463351|-2003081961|-374417190|2064414733|1667496018|-1081718533|1220380470|1750110177|1089174927|247197915|1459449595|1339987572|1235945541|1801617026|443774055
986454257|1134921914|2086903782|-1690003826|-1809853048|-1743313918|1667467956|-892886467|258736312|-666090883|756314566|-1242481179|939106676|2060099372|196154090|-141779293|-1847058769|-150099873|-1615218644|518299030|-273689754|1791696232|1976243580|-628003151|-513057052|-789097582|1918033037|527069394|-1255197375|-2070653359|1654598399|-1975751917|774583339|-2108270918|49559231|336972640|-775274520|-572842443|-1910121298|-469779894|-1698681701|-2133231504|48821632|-552331239|-1170835515|394840214|2146079974|776845095|1129092622|80756160|-1745250577|2037475179
231758507|493952939|356755284|1881354917|-967785301|1440280849|-232256040|1264801114|-2117628448|-1499808990|612680139|1038089538|-162632026|-671495603|1796575860|-2008719881|-617766319|-429082603|-167803556|-1859846643|-1830069478|-900791824|-852562583|-1573813608|-1941307053|-1931826574|-896049364|7155440|361673186|-1111996245|-24242570|-631628617|890023916|-663344692|653041969|2057793563|9027023|991783184|1580393324|-2084107176|1574605142|-249159207|1539098807|-712274816|22402855|645537816|714159792|1235649662|-2052097664|-1756908814|-1768614690|450580056|867507746|-1453554272|1095138749|2101012403|1249906572|349872790|886140185|1610720156|-1858075284|-1969748762|1469087647|1006089348|-1509588910|-1331995673|-1742628944|801231500|-1071010650|254731537
-23100925|-1805844260|1026326571|-1458651073|300465708|1128598245|1052008871|1981650686|-1435169724|-47898392|-1062074548|-1992602059|-1993196862|-2070615758|-1414966507|-1752851205|-1915662112|1661136234|-1686114215|-1269363882|-204180902|1391504648|-1365940437|-1205662772|-911164555|-1330060537|113148419|-201221574|392386882|847770328|1491003805|-967478301|-1979096541|1983492250|1042684704|404045003|-989973874|1330575496|1117985923|1240540741|385634832|190892466|708088620|1511254731
-140650512|-1122950951|-673762547|959704038|1497024786|-360830269|-1347372980|-1116414606|1150062940|-519475456|-1474381849|-1543417776|2114429745|838601768|363826229|-1416214652|-53090803|1745084219|1906933398|403364992|459319480|24796098|160769732|2068860398|-833944904|998130227|1866328942|-1180846420|-517187322|-293087079|-35555321|-638471913|-1323173371|762677620|461388762|-1510708596|-750123857|-813101859|-1848752543|-471274708|-1482092783|1521188846|-1033562921|721720798|-618708999|1473318496|-1161026292|1383081113|338218988|1304105588|2146918775|631612643|1903240541|-387854569|-617104751|34814100|-1912668132|406661184|-1517584032|-232612129|-1875679220|-1607074404|-150907055|-1388197486|1983664921|1031801709|-944126133|193528476|-1489553816|1932948911|-733946880|710895056|-1957759281|2022924668|-390445179|-297356569|31714438|-46317392
956545995|1652813343|497726416|1274803825|317256466|-412903757|2110268967|-196835174|-295903544|-43435171|353929266|-2129586429|-569478287|-1041415188|1732037693|2137374226|484809549|-1470440749|878971213|491452742|853437917|-988338076|-924817344|-1368067186|-1478370394|-289108675|138100531|1822361816|-308882892|-564490238|-790298845|1143295207|-1890378655|-1193119156
464464745|-335314218|909353184|-1649527301|-1218742968|-1521028910|-1777700061|202145680|2114940736|1911595306|730262989|-1750093181|932165041|1243715472|-842498851|2124466588|-1658648139|-1477842409|2117523660|-1752757351|-370386059|1074175734|290949893|-1132353382|-1389713992|-1428610421|1360184723|775113151|-60657988|-1522427485|-1908309477|1577350927|-547487159|592811000|-964027379|2139879323|-651249406|1701896954|-1305486826|777687010|-919936771|-1548314414|1053629144|1096401527|-628548714|16020387|657922269
-1041021824|473643282|-1455064632|-1682789695|1534604828|1554171400|1864834253|1269535034|-1444610291|-1931946314|-292496286|-646200180|-402432756|1753598681|195704630|1270443522|-2050715400|-1132271042|862393442|305301518|-1673732048|-795742840|1346180830|-1492410703|1019565861|637390641|-1743375307|945795616|1994301738|-1769396018|-766934404|1898520484|-1899427442|2056167574|595489152|1112913089|-2123171349|1752967972|-353508546|-1234808678|178293184|320480636|-1145579625|1964816275|893645629|-1013216437|-449077436|-1614774984|1697120606|1753533810|1774963206|867051613|1904921403|2001407173|1123435554|-1502481019|324554909|879082767|-1456711924|383900551|-1399206956|-391580583|-115506846|1069594222|1923599559|727640683|785603099|2091826337|-956665525|-1963234157|-1530137856|935961155|475287224|1521240484|1731423834|799084252
1572207169|-2144027668|1212827960|963678564|314313051|-446385885|1101544847|2120068746|-452394761|1321857163|1454064101|-825302961|-253632716|557274245|-1214366541|1882911996|-30582900|-1898589897|718082503|19076627|175596633|756416963|757758312|-332809565|618523803|-32451398|1582933437|1123412702|1945862648|2145520594|719477358|114206952|1001487107|-436305193|-1164158325|927175409|1594027456|-1976340001|-2100735827|-2030759291|-1387901336|-1273291071|958567770|-723538654|-770984344|-1851346489|-1450018899|-760002038|-932046929|421798306|1638329398|-491173|-1920606167|941779614|-1387936226|324225116|-1914187386|1241875734|-838279537|1616088856
675204905|472567378|-432430287|-1039813415|70639021|861085113|-1273140243|-1732293013|-1690769309|-384102722|-1102785644|-105038498|-1500822164|1829922156|1080488446|-1569405068|-803493892|480105085|1314835559|-2050540021|114497100|-1367415740|1235861125|-1683180639|386452181|-328228403|-214245156|-1818884710|-1414105926|725234753|-1343356848|-666943935|-959739003|-1521007985|393870076|-1749576948|-1179276778|1067705161|-479488447|-1829469405|1310663895|-1385543477|-89185760|429513251|826560308|1594264481|1740668364|-1862755554|-1789713334|-953993430|419320186|1155733478|324028126|-736134024|85365116|-1777026934|272075920|-1477759110|-1370513779|953169697|-1598191537|-1362955683|-1747806354
863684623|-419876050|1968222129|-364165918|815839673|262070211|682008532|-111843408|2078501731|1135145947|-809598320|-1851001603|138582720|1633568132|-1742621837|-770785744|-653277222|1152070589|-89029972|156513929|926301950|-189850789|-1307127259|293555373|413486582|1001502256|-823791657|916117601|-1190389635|-487798680|-294305448|-222846827|-501628945|-881278922|-767912776|-1833550428|90952256|292629424|2121017998|-1839834150|-293587922|676342008|215993677|765010486|-962659654|-1378995045|-2047637029|1377616240|1795418067|1837496893|703651172|284389181|-1512669612|-2123232396|-1961595798|-1059565104|-537206479|-1940610828|-395208928|-1110892636|-72027668|158845421|898268920|-1238141064|-1984273843|-1959350864|-957722246|-1689176933|-1159221935|1436992408|1922624599|-230734999|-879285406|113386791|555495102|-1844528619|433632712|1340235375
-121095768|1220250975|661479603|-1400392950|-1168778424|1472428170|864844621|-1146789838|281554365|968707175|-1981841711|1572842194|-105969871|2025215299|-1432588686|1239508278|1216818999|-920825264|-374447196|1170366815|-1496701682|-78972779|1013745666|929214232|524125733|-1675939547|-1196668558|-472701109|-806102815|1512015507|2021665927|78305424|-45564002|814118308|791077158|-1114756858|-1942038540|-1571121850|-1916502677|-333069978|-196752837|1668794817|-877002035|-869231276|-741126832|-2017200340|-854748801|138255608|1487020696|1209788193|-1416106471|1934562253|-1206497724|641488308|-338543241|1232228536|-1502212138|1895455136
1114934108|2023448292|261987267|-1167561620|-611442004|-877006820|-245231156|1529190815|-1201456959|-569244025|1548628018|1732511832|-1571702803|1646826769|-1478113433|-980810768|-1678633713|2023846985|873529421|1459253917|1731289896|-1688162204|-703452184|-972423912|1136692270|-614190201|-1411622315|252480639|721273632|-1575530427|-1530401541|-798866821|1396343642|-1292504987|-457074689|-1346809947|-812535510|-76715031|-136083715|-684962779|145141666|-1589294005|254777588|-10815844
62554121|-551753856|353729859|892943466|488358500|1427770703|403748180|-2047375187|-94487709|88661965|-962861912|1566884329|806198302|-1261465566|1589051809|-1277031369|812333880|-1167693987|-1452110519|1289980844|-775686740|-2054647311|-2005898309|-312058127|-700655668|-1742623137|-655401279|-1624035567|-875375993|-1241967820|440469182|538536084|-1807089430|1270284342|1764003278|1518105037|-2054340119|-730911014|-58826453|810381936|-1815664034|-1017154056|-192439086|-1071546265|-745958576|-1756859199|1914047845|1992115685|-605468552|-659457808|709356627|-479431494|-356017407|-339209153|32291381|604805865|-254026609|-1801513700|1303829371|1813523575|-475330941|-2003315044|-1495803065|1366808197|1908150652|1425808303|-2124187496|665677729|-851721952|-1602360939|-386670165|1464670552|187361307|1857426832|-1429487203
761161831|-1726907941|1499006037|-1157063150|1950905294|1663567322|-1245350752|-1983225107|-285814612|-1736958574|1198561436|-1473353734|1412048633|1647574106|16805978|1569976635|723949959|1417023186|1835858623|1882931561|-568447097|-1643349996|-951802710|913523788|-283520431|-866437590|-1079638437|-12121523|-1420958877|-388523585|1800246034
471051946|2123826456|-2133057802|-1942858073|-661570304|798369348|-1503305928|413453996|-1012053258|972890258|1000589432|209280269|-1215993902|-1460119229|-1138659481|1678613189|-294092581|-502998144|1199296428|486946089
-99973235|-1925877|1734627897|-1887908924|1552777535|240124612|580675127|-654602497|635670955|721089849|650923645|-2094776991|1727098911|1567259090|1572324747|841983960|-658561450|1016793380|1510966367|-589397467|1064436710|-1424658608|-1896307447|1276859362|-2110925571|-555168087|-82896258|1914697159|-414822324|1617930393|-1837674069|1092558632|-1119555518|-1763569468|-801091635|-2034579519|1087810429|-449483155|161014271|1457021366|-1191690115|1458335769|-1435520492|-1175441452|1961822362|1635784049|-1002482522|553991196|-1375238601|1714746220|-96164753|-666389886|-655220168|-406972755|460259031|-1724144654|-215364432|-247388119|-1220594227|39482771|123172063
-658289959|751140942|-345994149|39047901|1328170866|-1392204655|-84014708|1461994719|-1756576116|-634137009|-576938659|310849466|2050753397|1538188619|-987885521|-1148463525|-1011711519|1484457366|-1071711727|-557923561|1566483267|-1717445546|-454866386|1300343830|-2102346403|-374729528
-1378698770|1499170330|-1550466681|1593459936|1508840590|-833689445|-342946291|-1031640577|-1080632739|1122146191|1727005818|1922720787|578217378|191295687|1893362580|2116703090|782173222|-2069363191|-127860466|819379335|1563526423|844619555|764646413|-1968543222|685981998|-636335805|1741931495|1245691505|800162068|1727907717|-906991827|-626448218|94725633|-432899890|-471736597
-271402842|-2058811689|1054988846|595184471|1765425740|-402591092|1933397445|1977350076|51778621|-1190211178|937927756|-1221082650|1503158626|840454454|650275430|1581594442|-880030163|-1326640556|-1778582711|-1158811061|-523347271|-647449897|-1960578690|1071658409|-1349629138|1566283831|397434857|-1603024073|-1664961942|1134382927|1298339591|-1368286768|-271613219|1984206199|-625444233|1458185867|1709132212|-617718062|2038803131|1733719341|763033657|851340772|-476575937|1476525023|143286137|878268518|2000440473|-1653367264|946749990|-1212099235|404935441|-1820925188
1534677096|-328552092|12966526|-70638611|-1007731110|569755589|1030186594|1071106352|-629530872|-104597724|-421733874|626931130|131242083|2117339313|-1351277117|-1340386406|1079981768|-638776925|-1731526385|1924209949|1797021334|-1743053003|-539572090|-1721714064|-1692843263|-942205200|307495601|1688688010|952956453|742405935|1824899141|-411449272|1629742685|893653984|1835289495|2030733529|-849912618|1518889863|-571352241|-757630885|-1113206434|-962113400|-870630309|-277645370|-350476415|-1121049947|-1998280921|928638729|252520662|1037311172|-755878902|-1923583374|1255526550|-1822065931|2021565187|771609170|-1386070931|2032958644|-1412797788|-884842272|1456494228|-1905146006|-755482035
-1161130721|-247337671|434871197|1399479161|1090923155|406723577|2098249510|949760501|-705289285|-1424344964|1581088863|-1069427832|-847483205|-87365095|609533150|1505668871|57751397|1770674792|-1975117114|396839871|997754059|671264074|1839643261|-1067668699|135537684|72971563|1740033954|-1781948239|-1318523757|29861770|-1066183362|-205306874|-1140084459|807261625|1234325816|-117710507|1889235577|-364073503
-1282798589|-1825331322|-1375336375|-214607422|-1510230134|-551899656|353043671|-513954543|-150504804|-1262634788|-822084394|1087124970|-1435737971|659345437|-1998107399|-1588923874|-273486607|-2124499619|1911569311|1677664083|-645384828|-970079735|72843096|1972181310|-929679798|1417417383|686500263|1457481488|-45431817|-499215503|-56886775|-867390415|1060159632|-1575763417|-39690955|-1637912533|1553299025|-1367066335|1096653990|1413345768|-1670497071|1347966883|1635254870|-1797293536|-1525625757|1848613748|-431819573
110289856|1362853809|837439318|1016675167|-1647565854|-423037730|-196183398|1832313462|-1623243214|224446013|1581844811|150227917|-438431516|804814947|219667767|-2123537483|1659743650|657632519|-1478027126|621633347|1753695847|-649693155|-1707974835|-1190905461|1233849517|2048135715|708455727|2096779278|513412811|1332503481|1532117896|-520301968|-1173520489|-18356617|-728075366|915732845|724063314|1142011642|637749529|-291030770|-47555387|1818833984|-1013688083|1440145943|1606039975|-1676820427|1912748085|-1140988221|-41036479|-15895155|1946050447|1029810|-1165016492|294184660|-578060650|1136223778|1312171322|-781501758|507839403|813732957|2141981514|1217870292|758176760|-1908030094|567563392|-1822482153|614379442|-1205460185|599167837|-1910092218|1795694237|-1140598483|-1739290868|996743447
297500821|1575162822|-631738927|-1320882230|-58700158|-1980768906|-2097414878|1555471244|-364905952|1551067295|-123267794|-594563000|-846557740|-1050024579|-1682343957|-1258303471|1032427445|1166739818|-379141461|-626301724|-1873449670|1767611011|-1865139462|567430886|-1917946317|-463892085|-1450830679|-1975733521|1577825021|1252914702|890406186|88583499|189723120|-1596073783|-1901971426|683928766|142764060|1554387017|1395325228|737442248|2081071413|-1497130031|1321903892|471608875|1592982219|287625344|326484995|-1075011414|1269440189|1847440563|-1668401368|2098301202|568799471|-1174655576|791417734|1564467325|2076681274|-1359027357|-114591732|685785557|-1933514076|1585184468|-1766859550|1491095191|352351440|657663545|-105979|1202658265|-24660809|1519934401|-1516899563|-1222317171|1408833432|2140906098
643216903|384183085|726371659|-596873868|56248252|197026335|216997036|-443063246|-100141236|-1887360070|-569012746|1568103974|907229121|-1639099676|501285230|-1113195947|-1532785895|890427467|-1279583642|383637670|472619265|2068560861|116456862|-2128362899|-657166877|-1493997187|-1465495065|-1711191995|1018111522|1278983411|577054473|1399515426|222267812|-285617885|-1081415962|486086309|269900688|-726397311|-1993296674|-1816352078|-2040896936|-1763824444|489676661|141337151|2005625849|342301657|1607026739|154415470|1589301889|-1685583846|1048634827|-1052408610|-953596719|1745022399|808240255|231130174|-571353180|-2114818156|-733402942|317991458|1650893519|1026811116|-258361314|1856718105|-1639747894|-594554156
-1136609794|-568379794|1834239116|79451345|1774387086|-103972608|-1017661646|-786568658|635583291|-672343955|2039647424|-1118701509|-924989633|-135274537|468204088|1583227404|928399859|918736464|-1298619107|-1736096667|-1661770144|2080854500|308634661|-181028261|-1817010666|1425874652|-855779541|-880490438|-2069078980|-959598783|-822064534|406540457|1164678632|-1470761313|-2096260888|1813395468|-1160516688|1945177610|1196425775|874453545|88627329|-663544731|-1414715582|-416795123|1653438894|-38535455|98984655|-1899973584|-704658356|-654477884|-1654001504|1336191703|-1469629508|2024331627|-439707561|1207862457|-1556644472|-2005623919|-872755366|1996860901|1487156851|-1445324591|180585995|-1277121822|-270576438|-1993310615|1304302652|-1351680489|2086112256|-772683712|-761530142|-402555027|1696791929|-2042422486|1576952072|-1924265422|1747655333|-2009989271|382380549
1080824913|-634634378|545521|-54359714|1760258873|-934252798|-651685548|-1045059099|875460065|-1718526409|-1638204128|-2058247258|-483201116|-427360958|1637615585|-1429522933|1282991373|1483437077|-528665806|-1532646789|1288606053|1969975913|-437437838|-1237070333|-846986868|-1671627774|-113138760|-1084464846|-541749236|1231041846|270298115|728441411|-809922966|-752749649|1585693365|1160107393|1202630591|-1380968593|452298818|479129575|-1846671224|-800329708|849839140|1270204422|-721635399|-1884868003|-943684078|-1127321301|398888215|1237074412|-1486494096|306816192|-273923897|-600124595|591141384|154623474|-1350234079|-2037503434|1219513594|-1782248556|-1604529207|-1928169456|-347326223|726826050|1739907840|2019761845|1840556695|-1683560247|77551671|-368845957|1778805322|-578699066
-1019011471|88898575|1616453004|1849938585|1414795752|-972690746|64094027|-1321081006|-863824331|-1839164769|1671215213|-1104121074|-1991264844|456236748|-1641927869|-910055264|-983345906|1946922616|-1542144544|1151071174|-1442044993|710792439|851585093|814945914|-900198190|-2071598786|-114196290|298141576|2120468463|292804756|-756340086|-850188704|-1674708329|-1323110263|553552577|729978925|1501526445|1225348135
-1215700442|746382135|1827475559|-2053827317|-1925081821|-1098979226|395412454|-262089219|1372659314|857370579|-962130472|-1271590753|827527659|1678907403|-980273092|-919093421|-1247051455|1182719565|2050937169|-28918041|-1550060390|2115366289|562473032|-1943019715|-1748641694|2102254028|-1929715398|-1027155411|-955943844|1149619058|1297749083|422139049|1235009529|1937071932|-487805840|1826573857|-2008635411|-2024522197|1654929534|-578248151|1656789246|-1449872949|-1015962429|1252950105|836854814|-1090733892|907120362|22675060|-382611524
1909270905|-41998132|-160667050|1910530347|1705075341|1247687908|-2054196654|-2015341222|-702201399|1794292311|260368142|-155194111|-391925364|1386419703|1829902133|200869003|-1301534879|-991929544|-2130624428|-1796960821|-1952391237|42563535|814551980|-1991731648|100704481|1944743318|692008009|-1026953830|496318759|-1738881358|-1930427821|1391669372|302984286|1863100406|1218922403|-866436221|-1758837619|-372234870|-1358784103|59853447|-402785824|-794509881|331318316|2048215072|802678240|-164815259|424989249|-1526263444|-1972521500|1203214296|879200065|1788850702|672616647|1372578550|-2137170459|-1590436743|1889084378|1517624540|1477959763|-1330699667|185715484|1851333906|-2147455634|409711041|-1424127832|1295813101|171884393|-280848029|1299529582|1154305845|-67582051|653056669|7726373|-408724730|588510109
2052628352|1901184251|1742548870|-691828698|380829855|1061208968|75381146|1545767356|-1839589688|1650922407|-415491312|-137525315|658129750|641709750|-1209804251|690702077|-597619472|-675075425|1904720246|-607123580|-929734402|-637960135|-1056925551|1103666066
-1892879379|-1278457400|13724387|295490369|337308828|588968265|-924588493|-2111700845|-1476688704|1768604011|136916739|-1199102917|-1357512240|-1489852342|-603392099|619213031|-132456983|1242677909|-185082026|-676919044|-1528674390|-352147547|-1021784301|1022098125|1203256415|2020532946|-1862723059|-1327346678|1296932960|569388546|-672700712|-977155978|720894395|-1840103038|48342176|539723740|1734324496|-1170125544|1914081462|-520855741|-78185284|540962392|364613706|1820897632|-1483613638|1244969014|-1681923462|1926779467
664707036|1827827339|-831491467|987611200|1104470718|-1816153483|-1051409191|-747977894|270350826|-452880988|1367889010|-320576531|-543134044|716383229|-783696660|1980426919|-506158031|-1393134306|-1358054754|1706019563|-815666445|-671398934|1786660278|1773465593|525627574|960035396|1567861941|1104230475|-1412373944|-61393639|-46112226|1637270338|599052878|206308516|1493135721|-1646398206|1423325525|669478124|539021118|243422361|-97361113|1987570321|409860319|210544742|-1383211681|1638662088|-9136411|280491192|437009215|-644805212|-1209264338|-722124619|-564149567|1590689174|-477728235|1198278012|1318999787|-1303609545|-1544843548|-994743410|-1463143577|1347673668|-442369146|-2081703319|1492274514|-1529563928
-671375755|-1279824556|1843985985|123908642|-1065506524|-2059381008|244337949|975580153|2008723283|-126316260|-1391449341|586206087|493414902|-2078628844|726459258|-1330234059|344456437|-1581260694|600653701|-1776953720
1413284705|-1337985684|-1287306093|1927686024|-1087091588|1854001345|491990444|1740309313|-281356207|-611330399|-897205662|335436067|695751842|281078330|258226606|-216752638|-1199218259|1532409230|-449162137|-1005969858|-742509374|825088630|215385083|-113164181|1669615638|458338280|506249307|2112867891|-1857854505|1085804412|1117886775|-726833285|582659200|-55707861|-212783509|-2116844604|105734765|365298522|-1847018568|1972479443|1999769266|-1213856490|-119493706|-1298225772|360831271|-1004455775|1246782985|-644205509|-458873913|-1428103123|-495694637|213909164|-1682700486|45434599|-1483629207|-306179555|606766255|684027958|862660680|1319528184|-1249804049|1081341764|-298511287|-1191856635|742710447|-416030019|119873812|-1179124792|458767909|-1578077995|-694149934|545869351|-1967824931|-1839784048|685539622|684189776
25392445|-253924515|291410137|426217893|662719810|573072355|-1756578264|-855581845|-1274368737|-825513736|1533156628|222649158|-1455528532|-26087260|-1697030708|1350664090|1150616741|228316648|383281911|-1159302570|-232531352|1088841013|1050308380|-2089403255|-1852958724|-892765151
844500794|-403945131|-240127912|651848158|1572586872|-1237667883|-1409895984|-1156514591|6878127|351551766|-1233167296|-523358665|-1862854595|-208122394|1683352530|-582761639|-111296188|-1170926190|-1582266089|-919851722|-615203903|1542572391|-1920229318|-1324801703|-306077731|-1070152587|-1030506632|38805834|42028675|1555757974|-1120814897|315462707|-1881983950|-1985353298|-2002410763|-1997711674|-1498061549|1652915251|-77146741|-316545698|-1663179187|-1902394385|-1161794414|-1802402716|2129574040|-1155502588|571694877|-440202509|-1824032752|-747222735|445601096|393884607|-659511989|-1976214701
-2104649678|-615912531|-1019327699|-875607933|1602140631|1726347514|485761643|-1936955902|-499204613|1301527084|-1329484829|1042691749|-1877950575|-2067918458|698348062|964798134|-14361770|1883789800|1185391127|-1482997887|-342533579|312429413|-1878043070|-1461538814|1411489260|-1743055598|2056588751|351907040|-1466387474|-58146784|7427119|-177448038|-1499483509|1484664877|735501526|-1264009985|1570653261|1249727702|-2048288957|1155386083|-1436678747|1394630800|1917091645|1203911951|-460351289|1423055032|1389735262|-1144116871|775066577|-2077060377|-968070187|-1804471372|-183784142|1467609995|1422742374|1283997609|-2094609847|-1641021005|-1755532107|1273486215
682140713|112185796|1842730231|-644909205|-450716731|-1709593670|359083412|503001140|1214713600|-1353684762|-1176182118|1644317497|1050524359|336893698|1463565276|-516834577|-671949679|-1147941445|-1867475461|441116632|-655808077|-1359710864|-442295340|1205591780|1224959986|722515514|479732538|1354859028|-518620327|-381496532|-152493851|-1458987167|-1102185139|377845211|-2096273495|312807899|1023062238|256814624|-1689049366|-239578860|669214815|800369180|-1635427249|-329575746|591802424|-1026069892|2123541685|-1484922222|524342009|-1166346499|1511282790|-1665739661|-1187706189|2087835442|-405553526|-1658538797|1747841923|-416296060|-1436539940|-1633002667|-1835953298|500777594|-995250015|-793115724|-993883276|-1499240901
-1224552222|235095519|-1600217520|176204200|-1731142028|2083337691|139162029|-1724802263|101876796|216267851|686273777|-519439040|2096869431|-1927969319|-210677524|-988409632|2003466921|1930786383|1211133282|-667330949|-742500218|95647013|-1804401650|198295225|-872050668|814821210|138420201|-493833627|-2038770739|1693852295|661212331
-444127351|1403815216|1791294097|-325506440|706376668|961798237|-507192735|-715868591|1802464188|-934597016|1715959211|-1321824475|-243947417|1797100313|-1665890480|514691986|1567039363|-176553745|224909384|-639380910|-591636602|-1049665600|-1972984673|-1687411465|-1476067753|1613498500|2039991488|-1860025897|-278870475|974695020|-1334356235|228948292|1538174168|-686559943|1187120429|1822790144|608637141|-1105894196|438174464|-1849919249|-1216923322|1892919800|-376311824|-66668530|1312502697|-1787646817|-1259615758|-2057836381|-736285688|-755199236|-296911828|1476891830|284140378|-1095189956|-1825761794|-182043713|1569335337|-845566892|980610630|-978227552|-1526303372|-147579122|-549439776|1331246805|1937120214|1413369955|-1081293717
669456615|-759671792|594742866|738419243|2081423585|1121134179|-1444041974|-1060322911|-832397690|-1162504107|-1439052648|935414845|1842228545|698050781|-96042666|1430746190|1869123979|230432642|-1563378443|-1336370119|-674745456|-1859355598|-1521979963|1490435176|-2108792815|-507080622|1721442867|1849095297|-1170451573|-1001269994|-926612845|2069298139|-630500455|484823825|-1278139616|687514925|321026710|857157391|1107194432|-699864696|537598342|-1322766302|-229718261|-2140197242|-588327882|-277671174|-182856690|671005635
-908738950|-1617558965|1453822860|535161492|-1723093625|1642428548|1107010262|-115021675|-1587797470|-816459080|857767026|-1599842559|1288697272|-1234874899|-1224404099|1915153524|-2004641096|1174957104|-1173083876|-1464073620|-882957466|1809274074|481517929|-1365329616|1623679470|326792468|-1100336216|1619588590|611874236|-1625152356|596322749|-1128947933|1827363338|-1152560440|401416930|866106175|-1720890950|-1042317365|1609141652|1900172680|-467071899|-372865482|850382030|-1015591619|1406107827|-176883518|-582140807|1800499967|630061036|1803425868|1070369058|-30369684|-875153713|1575790112|2093371117|907310605|-1033556062|-1631709575|182989769|161319793
-25172152|-1365839644|-646357607|-674871012|-576381132|-1155334303|-722880618|-32494029|1040595170|1313791048|804049265|1487117059|1885208181|828446654|1300660554|959879278|96082264|1206625141|-435627325|-84817002|1862163002|1226118245|1715265694|294482098|-1996096166|868731835|523381924|1942138661|-1696698620|-67749103|1501999560|2054527692|692802650|1180874720|1483078796|-1888651625|-1619272617|1280086578|-762210908|1706429531|-1797939951|-934583653|1220176600|2082352613|1530495293|-457391255|-225615314|888451921|879462904|-910694118|760445767|1315343005|-930191164|-1883386354|2049450761|1106619512|925906384
617520510|1621756512|-529152389|69372330|-1185306117|303745515|281438235|-284190376|-60373628|-1350606493|1462895353|123795581|1239461742|517826968|166193568|402253877|391320646|-1100924686|1689573463|-1853789703|51610353|-633562171|-1746736918|-982572528|-417198060|-515359255|-499220816|1910467909|132533173|-1151755896|-1951437110|631676377|-1038914270|17334073|-419043160|-282684485|1246288145|-1396929714|-846273839|-1863769098|-1028495864|294394985|-1241772062|3474282|1631453951|721133397|1181196247|318384318|-1036868541|2051359762|1056723337|114153876|424581788|-1078038479|-867264393|1904072446|1834072242|-1569619358
1749376305|-1187386708|1247263563|1676741520|1680206456|-373349351|-1408737382|-2096487086|-74382997|-1895446509|-1267767459|-321894203|-1028695456|-2142441567|695160464|1983153115|124074016|-70241699|1182194423|1518437630|603640797|1181406550|1129114414|-90259812|1984631907|-553352137|-857627906|-245121307|-926284658|-810682200|1427474673|-1939685421|-103301893|-204065805|610036007|-1719815318
-2040058133|-2144661142|352931905|292531939|1847796745|-1870906752|1047913024|-2132757698|1753864151|380252865|-1699880022|1279250376|-434142320|1973427688|1607901789|-515666628|-1939519992|138337837|505378136|-1453961074|1819098825|-1409353070|1762674302|-1468195994|-17647746|-1399187843|76575897|-1408933940|1921056661|-1491349882|619401632|-191898849|1136254495|1617104530|-1448623812|-1778799541|225885689|437925152|-1537426552|1376000314|-57804751
-1090209768|1001305994|-71835487|-1767031409|1022248253|-1338053503|94730464|-1967136521|-293056634|321583165|-1072370341|-509963945|-684925560|-1697775569|-1597095746|1567720430|-856341534|1882049738|389335448|1561062096|-1580264069|1936862838|549479997|-2043812615|-1967565811|1547255243|108759790|-165094492|1652925671|1475537659|-472805833|612622557|-118387218|471961742|-976562280|2024989525|162004708|-167477931|1401607271|-1410544779|1761323756
-809642252|144561589|-500238771|-825554031|216220653|-1561018835|-1524204426|235618078|1984082436|-958492309|-1280347583|1388606641|1260445646|682505863|-1051498373|850779018|1941152750|1407846005|1883714212|-836568280|765606770|1619723418|-895814158|-428363780|315726460|-140604255|-1800559461|1424146271|1997710117|234129806|1833331028|561067718|-1304271203|-1282307566|886753044|-1121711564|-221588330|-1170389471|-2135920355|186426863|-1703641886|1778084289|-873062596|1033135990|-1017100454|-1195001563|148824654|-1910623823|1460291074|-1866735110|1249885446|1961922666|2074412394|1047432703|-1511553810|-605413636|120520534|-1657763109|-1981460565|1994991177|161092513|-1968039126|-1720586108|-1221941775|1651977053|1926743256|1089817125|-101434177|689334847|-771805006|-2098693985|-1894800281|-2110877126|-1543901382|-790489166|-388647826
841955002|-1289082545|-789438359|-650784207|1087565467|-960012201|1776837993|-1789373018|2066848758|-2133863511|1492490933|651264045|1190527851|-1176281765|-445507143|-23054237|-12151759|1448487494|-1785646785|-1693657027|2145775726|1123433927|-1282648100|626122864|-278714679|1270803908|-987065940|-711852525|-1021611716|628726509|-513016511|376850049
-42260156|-1339245608|-501625468|485753024|1738669278|-317609779|-459933265|1083760999|-89096470|1698993232|-673891574|1363341242|39612146|1840051545|1854408692|-323806068|-1792310175|-928168232|1265779781|-1921070275|112862276|1581024305|-1660586318|1205888333|361836372|985037031|1436446837|-473623759|-1837355980|657774486|-721204435|-4411799|1453412854|888032294|-1977032446|1429094610|-1313786141|-1825047235|1528111884|-1450924744|-1835260037|-2137444107|-567938571|-953410257|1469540794|-1842870065|-363176740|1836249122|-1105399652|-1805547290|632711804|1022125996|-315341853|220094055|-810037107
603693079|-1167517376|-2074854038|318360704|-1873505586|353488151|1885345779|25010260|369596205|-618246787|-456730188|-929748168|31880878|1698003299|1089234758|2068496979|1856860707|750209484|1344342773|394341682|1860138746|-1990551612|-662178398|1400540|1339679937|-1852519024|-982881813|-1204147165|-1289705748|-136382682|-101714552|-1079471300|61581014|617539039|97934583|903112850|1913313797|368204650|575282523|2097052886|600207538|1295872003|-1549096799|-1577414566|1689577607|1815914469|1813233636|-1810847841|878249898|-1269928963|-2076733422|-825846484|-1980365830|1227807199|1521185999|-1495806815|-1339532649|-1470357763|-276593255
2025200551|-1383541995|1899450668|-904601480|456240727|-977992213|982280999|906069710|-248098528|-1495403464|1307160559|-1010994728|297130571|1019189218|322986706|-643263327|-297567050|723683180|1625721455|-1910155259|1908380888
2005938006|-701522300|-477838847|529267402|1011572971|-599805607|-1384722458|1730460502|1799169167|113666762|-1973930915|1951263454|-384060672|-862899775|215164260|-1500294003|-1840994304|-214328676|-1695577241|637402409|-1558968268|1370341696|629101506|-670704320|-267697841|471576692|329181059|-2069329248|-609908625|408644203|402639477|-1044609781|766065350|-1214749022|1016047193|1474304555|1788617853|-592144148|829310582|920523971|-201666092|1273779658|1783187284|1448192807|1630621325|820226048|1767669443|1576427757|408287114|2042293092|-1648205790|-290992155|177029812|-1320042247|-743448355|1558219845|-1794662113|-1782796229|-2064932553|-1899587544|1123606379|-2090661444|-2037883575
-1996838803|1719656175|182905417|1839877035|1967263245|-988142781|-1534835697|-333196948|-1003864975|2016758387|-1688441131|1534260377|1007991642|1161623580|871575870|-605458893|-1195253298|-37514097|2023746201|1114028563|-615882761|1960106728|734660966|1212228891|51184459|597341279|144172568|-755692882|-2089674516|69465309|-1486223844|981857633|479728208|234998994|-929494247|1275369202|-1743564764|107611205|-2104700295|895994744
2044285740|-1398306520|1880497116|-9636624|-921539843|-1226328164|-1285524601|-1101622572|470517124|181438996|2131098972|-659340155|-1004172041|-1252533981|-1562092568|1093668058|1764045127|-678578577|2071376088|-737271175|722960056|-1666612810|1308174251|1993520762|1674627507|-463156718|439220136|-841350838|-1370618918|-1605599363|1713115409|269728209|1848495709|104151190|2028923287|1022188247|-285745781|696750244|1621236753|164682403|-549551701|-2065309221|563793768|2045032677|1009933|1039982558|-352577322|-1775991083|1256583003|-94054779|-308097713|-474526309|279088692|2123469023|25720382|1692104433|3162874|-752145286|353656180|1813388294|79298027|-1576379167|517792861|-1144136027|1054830190|-155786395
609726614|1400488111|-1494270176|212977400|-2114048700|175513709|-1163077322|378427871|-101553761|-95087342|411578718|450459659|446651971|1312492291|664063648|1362040507|-272150567|-1234198983|-1425737632|-470984124|-1352345155|988707344|-1033798758|-169956353|-943751455|-24780193|589430894|1385872261|1404953840|1680619976|-2110344225|-2057707751|1048452534|1761024336|-170112553|1304004453|1021223614|682872113|1444911982|-693650839|-1322719428|1120553710|1292264811|1284950448|616080429|1578169512|-1566119158|-2072397884|1133068988|499695024|634421503|404553955|-800782105|224298077|1803764922|1702279922|1661463650|84391198|244679661|683950257|-1681772613|1277004498|1909037130|1408949295|-783995458|-662994858|-1585497199|1685333120|-507054310|-514144417|1800902601|-787086674|927966788|158193802|970168269|2059506156|206409115|1956409521
-36483311|-1598315572|-1829662848|-1979910267|-1053668540|555209335|2035436359|-2004592349|-49064461|605883154|-1834119663|-1465940700|1013993992|-1525725683|-423489548|608256752|260254302|1822806071|1469653674|-481451242|1989613937|-998077857|296362592|-310410864|-1569048491|-823460034|360947662|632121420|-570128151|-933071980|-1441491065|-1810131481|432598860|286413968|-1384035695|203500731|-1420308850|48277620|-183202760|1765985819|1405238442|350905721|613914910|-918215203|-1199046220|-2012097809|-681063529|-1612830184|-972433842|548362408|1933754675|-573304018|1178375520|963993750|725009819|-2067443700|-1729014521|-1719783757|1370396320|1120205488|1741789901|-444280032|678221201|967545067
-1598514543|-2051229236|229897575|-1313745941|2125242599|1549981847|704183532|-1728961855|735799838|20059696|-941093922|-789539365|-1219451544|-891939806|1694599178|-1515102041|-594968934|-811224871|-1467473247|-431129740|-1564597817|1466264696|1162624643|85870188|349001002|1829422826|-1563363647|-636753983|1429032264|-2079397065|1356630365|-72951513|-2116870314|-1628423144|-1050793389|1632131201|-550210089|-429419060|179274460|1006415838|-1650627703|1406097708|-1747427087|414550182|1800319105|1921487869|-2116068595|1265745424|1987468693
-1399165897|-336895273|-1235740167|-538663328|-954282945|-667685332|1629452076|289885843|-1675655097|-72236051|-1776179436|-107680543|360619909|-1334735849|419557479|113886301|1615636550|1492192633|-1015118515|-1598816960|1739538741|548437930|937533507|490850812|-1780034852|892504125|-1486025918|-1528542832|1731224939|1055020850|-590056160|26065694|-758608200|-1663396177|2101164341|1546049210|522239111|251601391|-796885696|767582084|531128074|1787213689|-1244214900|277037816|-1600145494|2100370069|1927446350|699586948|1887588360|-432449541|713085265|-281404326|-755802818|-522509875|1159668436|2037769351|-2030660759|1849521864|1473048754|578520900|-35377813|453249205|-266295101|943481740|36646125|-1695803868|-1954016382|601634030|956372642|1777380188|1057174511|-677822556|-2145472813|-1984070003|-1429028426|587377123|-826443242|-1158227129
-601188748|-1674967456|1599099183|-138215446|-1857629054|-828686274|-1697441297|2035610051|-1173604170|1200576607|-1689228690|137478106|-2143423616|2110979413|-469032127|-2047328249|615217335|1880878492|-1939368864|-241835799|-2039690139|304883162|-232306660|-1274852415|1054230747|704851816|228723024|-2012299107|1251619338|653742865|1875679446|-1993502536|421505557|-1712802792|-1175402947|1895848736|-1417946335|-1470326913|-855515208|1741418393|-705467793|-1401988218|-306991784|-1276970047|-1229485907|-2056264847|170486653|354084468|-1678560376|1088387982|1098217610|1713929585|1198685317|1438480758|-881219113|-865642179
-860480366|-1539081237|156834631|837369814|1128297185|-1744924182|-2041058740|-179677361|-1506851337|-548718516|885641468|1456060830|-168471480|-1100095793|30991070|-1375587939|337468070|396869038|781077360|-699820750|-226840056|-1722279405|-1972589679|-1568513818|-106986100|-695673399|696805667|-533530440|-646847298|-746555851|1843582188|-577789393|1955149338|991833734|-122205508|1264683950|965856719|-597329621|-1850232875|1199994123|227323077|1022352517|707261318|879349089
-196839714|-1633782247|-1500423643|695900039|1351568792|-1507231250|1617214327|-72220832|371317673|-956824857|-554147398|1126743644|1405719366|564578311|102352998|2073657082|-1918875938|1127750485|-1083962852|366067654|1640344905|-322442234|-318692870|-2044978141|900756801|1031489242|-2043843024|1207950666|314088464|-381880123|-2032646189|-42330222|878967691|198129618|370525169|1465178097
-1110149564|-977079836|193275330|-2022911768|1190118398|-2113983765|2109791432|1233001513|-1354800604|-164477194|-502684814|-602691207|-2122683135|813746880|150634848|1234090076|-534462422|-787717341|-159786459|-55631661|567965924|1500529063|625594446
484883138|1338912347|2030916771|-1796885377|661625490|146432744|1828218284|-1972717368|-1044688007|-1985903902|-607763594|759467640|1907436125|589645153|-1510433897|-378163302|-1141202046|94479312|-1710296722|99950512|1984949879|584425988|-141179217|-499563546|566537267|2076705680|367085598|-409236853|832074618|1655800406|-1975549286|1074435516|1566619525|-214214047|1269458012|413654369|-2103970591|-654688526|-205386112|-817300387|1945651351|-1980035880|1381776069|1688476929|314955148|314035716
494024896|-2121294806|-148839844|425675830|-1974919383|1597220928|449798607|-1167106182|-1818593263|509458726|104008617|-1705612716|1952724239|2005256229|-1193322713|1058796788|1173497388|65409301|-549422770|-1058632699|1490527707|-1925807802|490370040|-1246682058|-1102868442|-227168093|-322862545|-1628130827|943716650|2078656788|-1600358979|1391262077|445798085|-1981415388|-1787373053|537647891|1074270605|163022564|-1217269751|-1465999477|340177155|-2100882418|-842999850|1390217489|1073092360|-1123914644|-1714586878|1322396709|-410091889|2001964410|-1188492151|-1945414425|-1149554285|-892248502|1784951265|-184976236|-1646384565|902826663|840444237|431362896|508564380|-805737347|-668237453|1470374437|-239379249|1748510583|317863468|-76347061|1126716547|-1127851286|1332889243|-677880151
928714225|-1995237248|380285083|-897148131|-1719682600|-795919154|2002727158|-404747253|1909036733|-1889179270|-1417114552|-1225025486|-1874293132|1803467925|-728403613|1941615860|-1455949397|-343040868|1659997468|1666830591|-149189810|822725134
-1660726777|-1422586324|-1377601985|707954215|782776757|-354035494|592474988|-868157284|-1165384226|-1269228585|1102303758|895004988|685613048|1795321329|1355906931|723259437|816639945|-1085392154|-1870349943|-312065167
-896010163|-834049028|1909973100|331566665|1532249270|-1739208060|1138037155|-1040578053|-1147448048|-1258111881|-1324196666|169537941|-2011016117|437710245|-518437648|597165769|762878269|-1536059292|486427948|-117498344|793237193|-1295033111|-401203397|580876351|-1213945282|-2026587687|-1559242093|1265303280
-953222625|-1799958613|-1805510459|1318676061|-2066371585|788409205|206850161|1210308305|646182251|-803383508|-1481700552|-1879155382|451041685|-1364455345|-1581798752|-1090634277|793691077|-249987860|488895849|151001243|1362750316|-2067152863|-1328475207|559348687|-1930533512|1138348767|1033300635|2014835783|-559483159|-2109627151|-1758870870|-1545355256|1528757411|-1610036676|-891083255|835094315|-601817978|-1363003320
1004519172|-1723550789|1221056510|-1499294370|2114100101|1448031824|553054131|-872570798|933343972|1555887111|-1908758171|295580474|-94455940|-1507412374|-415090365|-1387927830|-1497273360|514845731|747923570|905916852|-886622827|-88222327|-1979021298|-1149470691|2117005585|-686004610|819531886|629863635|-1409618625|-407965321
2025303005|-824364970|1410854875|1069863523|-1804346092|-1096783031|480541585|207869370|-236344879|-673038481|1635601876|2005633441|1619583463|1293531750|-1545054391|-977394598|1902062547|925838389|-494713518|-916307909|1674443826|-1841775696|655394980|-546856783|-664530829|-29270752|-202002154|-1811627128|684155084|37097250|-1037880644|2145763944|284671345|-93355569|-1962219468|2091468962|-704541949|2064419869|-557062593|-636444372|2075873862|313791364|-904956781|1319146|228595479|983255524|1786527726|-1520602833|-645682532|924280229|1902254446|-105021822|-1929548612|1993357344|2073155359|1632374692|-214355759|1787453|1752836565|1799047377|262486428|-94550180|584809532|-548823226|770670713|-959828360|1475489581|576782595|1479785427|918167945
