1187055524
-5760709326
5088944344
6747131700
4468451224
-3580796610
7792057924
2218664188
-11185765726
-1984581806
-1010631994
-2740138260
6032529650
6488563622
12317173416
-16271787940
-11642748266
-7295420190
3735598922
-5581217774
1248076026
-49501474
-1438939266
787330186
8650626444
-150728508
-990965648
2549100604
345084316
4369284348
833557308
-16378277986
-7726612798
-12761647116
-5525853900
195263020
1316885414
5704373352
-4792262582
3656344864
-8624088804
546074180
-3957716432
-11095871662
1056838490
-883338504
-7389355014
1891656476
-9391305684
10218633748
10405428878
-5479402554
-2120835476
-10353951470
5155443772
355812810
3319294978
4474413360
-8883019450
2823095120
645314934
1162616250
8218659080
15223677944
-4177070100
2281791132
355330582
-7968846954
2219590924
1117181192
218651132
-547236482
-6669221710
-4981616500
-1620158700
-3236888770
-13442893350
-2148056320
6055882982
