738475612.4285715
-326147032.85714287
418169507.56
256916092.87096775
9218610.743589744
139788710.54545453
160118707.57142857
-382381600.1818182
76820605.96296297
-289855702.3
-37208049.941176474
201636315.1111111
-341181482.76
228041344.37931034
-281989857.9375
-343317145.1333333
-40909459.52941176
252269476.46153846
-415253815.75
-189686483.42857143
148106018.73333332
-351555688.14285713
42241301.333333336
-239446174.0
155739379.4
314850211.85714287
57724435.62068965
183654301.48
-373499812.3333333
303243450.902439
142296234.1111111
307772817.5
-90614258.57894737
57885042.666666664
86867025.1111111
-16072604.037037037
72341833.3
100705323.66666667
-51571821.47619048
149484048.46666667
321088444.0
-98429139.0
-118934250.66666667
-650975976.3571428
-160226968.02857143
-391671359.6666667
295887765.0
-152038863.68965518
263398334.36
-261917400.0909091
446564825.4166667
105700289.5
79836022.1
357925863.5882353
-248108566.9090909
-262642947.52941176
-187971203.63636363
-319717332.25
366303367.0714286
177878206.8
-5452482.75
163042104.0
130181969.91428572
152139520.83783785
-258386367.4827586
-326575725.15384614
33022739.736842107
-226632982.42857143
-379346544.1
67624893.625
-388620374.0
388245653.1052632
-32340040.80487805
355787351.4444444
-28010349.363636363
-354798307.125
-110432042.46153846
-36038773.0
473987617.0
